index	JD					Mag
01		2454008.235257		17.407249
02		2454008.868515		17.231498
03		2454009.501772		17.055746
04		2454010.135030		16.929201
05		2454010.768287		16.819462
06		2454011.401545		16.709723
07		2454012.034802		16.599984
08		2454012.668059		16.497081
09		2454013.301317		16.457089
10		2454013.934574		16.417098
11		2454014.567832		16.377107
12		2454015.201089		16.337115
13		2454015.834347		16.297124
14		2454016.467604		16.257132
15		2454017.100861		16.217141
16		2454017.734119		16.177150
17		2454018.367376		16.137158
18		2454019.000634		16.097167
19		2454019.633891		16.059073
20		2454020.267149		16.060677
21		2454020.900406		16.062281
22		2454021.533663		16.063885
23		2454022.166921		16.073214
24		2454022.800178		16.083138
25		2454023.433436		16.093062
26		2454024.066693		16.102986
27		2454024.699950		16.112910
28		2454025.333208		16.122835
29		2454025.966465		16.147469
30		2454026.599723		16.182745
31		2454027.232980		16.218020
32		2454027.866238		16.253295
33		2454028.499495		16.288570
34		2454029.132752		16.323845
35		2454029.766010		16.359120
36		2454030.399267		16.394395
37		2454031.032525		16.429670
38		2454031.665782		16.467499
39		2454032.299040		16.520987
40		2454032.932297		16.574475
41		2454033.565554		16.627963
42		2454034.198812		16.681451
43		2454034.832069		16.734243
44		2454035.465327		16.785862
45		2454036.098584		16.837481
46		2454036.731842		16.889100
47		2454037.365099		16.940719
48		2454037.998356		16.992338
49		2454038.631614		17.043957
50		2454039.264871		17.095576
51		2454039.898129		17.147196
52		2454040.531386		17.198815
53		2454041.164644		17.250434
54		2454041.797901		17.302053
55		2454042.431158		17.353672
56		2454043.064416		17.405291
57		2454043.697673		17.456910
58		2454044.330931		17.508529
59		2454044.964188		17.560148
60		2454045.597446		17.611767
61		2454046.230703		17.663386
62		2454046.863960		17.720671
63		2454047.497218		17.785580
64		2454048.130475		17.850489
65		2454048.763733		17.915398
66		2454049.396990		17.980308
67		2454050.030248		18.045217
68		2454050.663505		18.110126
69		2454051.296762		18.175035
70		2454051.930020		18.239944
71		2454052.563277		18.304853
72		2454053.196535		18.372307
73		2454053.829792		18.440075
74		2454054.463050		18.507842
75		2454055.096307		18.548230
76		2454055.729564		18.574737
77		2454056.362822		18.573472
78		2454056.996079		18.589733
79		2454057.629337		18.616419
80		2454058.262594		18.643105
81		2454058.895851		18.669790
82		2454059.529109		18.696476
83		2454060.162366		18.723162
84		2454060.795624		18.749848
85		2454061.428881		18.776533
86		2454062.062139		18.803219
87		2454062.695396		18.830185
88		2454063.328653		18.858393
89		2454063.961911		18.886601
90		2454064.595168		18.914809
91		2454065.228426		18.943017
92		2454065.861683		18.971226
93		2454066.494941		18.999434
94		2454067.128198		19.020086
95		2454067.761455		19.039645
96		2454068.394713		19.059205
97		2454069.027970		19.078764
98		2454069.661228		19.098323
99		2454070.294485		19.117882
