index	JD					Mag
01		2454008.235257		17.424942
02		2454008.868515		17.248883
03		2454009.501772		17.072825
04		2454010.135030		16.946040
05		2454010.768287		16.836086
06		2454011.401545		16.726132
07		2454012.034802		16.616178
08		2454012.668059		16.513063
09		2454013.301317		16.472891
10		2454013.934574		16.432718
11		2454014.567832		16.392546
12		2454015.201089		16.352374
13		2454015.834347		16.312201
14		2454016.467604		16.272029
15		2454017.100861		16.231857
16		2454017.734119		16.191684
17		2454018.367376		16.151512
18		2454019.000634		16.111340
19		2454019.633891		16.073088
20		2454020.267149		16.075013
21		2454020.900406		16.076937
22		2454021.533663		16.078862
23		2454022.166921		16.087921
24		2454022.800178		16.097530
25		2454023.433436		16.107139
26		2454024.066693		16.116749
27		2454024.699950		16.126358
28		2454025.333208		16.135967
29		2454025.966465		16.160592
30		2454026.599723		16.196079
31		2454027.232980		16.231566
32		2454027.866238		16.267053
33		2454028.499495		16.302540
34		2454029.132752		16.338027
35		2454029.766010		16.373514
36		2454030.399267		16.409001
37		2454031.032525		16.444488
38		2454031.665782		16.482470
39		2454032.299040		16.535748
40		2454032.932297		16.589026
41		2454033.565554		16.642305
42		2454034.198812		16.695583
43		2454034.832069		16.748951
44		2454035.465327		16.802470
45		2454036.098584		16.855990
46		2454036.731842		16.909509
47		2454037.365099		16.963028
48		2454037.998356		17.016547
49		2454038.631614		17.070066
50		2454039.264871		17.123585
51		2454039.898129		17.177105
52		2454040.531386		17.230624
53		2454041.164644		17.284143
54		2454041.797901		17.337662
55		2454042.431158		17.391181
56		2454043.064416		17.444700
57		2454043.697673		17.498220
58		2454044.330931		17.551739
59		2454044.964188		17.605258
60		2454045.597446		17.658777
61		2454046.230703		17.712296
62		2454046.863960		17.769598
63		2454047.497218		17.831991
64		2454048.130475		17.894383
65		2454048.763733		17.956776
66		2454049.396990		18.019168
67		2454050.030248		18.081561
68		2454050.663505		18.143953
69		2454051.296762		18.206346
70		2454051.930020		18.268738
71		2454052.563277		18.331130
72		2454053.196535		18.398307
73		2454053.829792		18.466075
74		2454054.463050		18.533842
75		2454055.096307		18.578264
76		2454055.729564		18.608343
77		2454056.362822		18.605180
78		2454056.996079		18.620800
79		2454057.629337		18.647591
80		2454058.262594		18.674383
81		2454058.895851		18.701174
82		2454059.529109		18.727966
83		2454060.162366		18.754758
84		2454060.795624		18.781549
85		2454061.428881		18.808341
86		2454062.062139		18.835133
87		2454062.695396		18.863088
88		2454063.328653		18.896209
89		2454063.961911		18.929329
90		2454064.595168		18.962450
91		2454065.228426		18.995571
92		2454065.861683		19.028692
93		2454066.494941		19.061813
94		2454067.128198		19.093627
95		2454067.761455		19.125251
96		2454068.394713		19.156876
97		2454069.027970		19.188501
98		2454069.661228		19.220126
99		2454070.294485		19.251750
